Sivir (adc)	50.68	51.99	52.65	52.61	52.04	51.36	50.79
Ezreal (adc)	47.79	48.56	48.36	48.27	48.38	48.22	47.90
Jhin (adc)	49.89	50.95	51.24	51.48	51.19	50.84	50.56
Sylas (mid)	48.53	49.06	49.44	49.79	50.12	50.12	50.90
Lulu (sup)	46.75	48.93	49.43	50.02	50.24	50.00	50.80
Kayn (jgl)	50.73	50.95	51.28	51.33	51.22	50.91	50.48
Diana (jgl)	54.14	53.40	52.65	51.79	51.18	50.40	50.37
Kai'Sa (adc)	49.06	48.83	48.67	49.00	49.01	48.79	48.97
Samira (adc)	53.15	51.90	51.00	50.81	50.52	50.51	49.83
Aatrox (top)	46.21	48.15	49.55	50.63	51.11	51.29	51.03
Lee Sin (jgl)	43.49	44.46	44.96	45.29	45.91	46.25	48.08
Yuumi (sup)	41.58	47.06	48.64	48.83	49.02	48.25	47.43
Lucian (adc)	48.20	48.45	48.43	48.79	49.49	49.20	48.40
Viktor (mid)	51.51	52.55	52.41	52.04	51.26	49.71	50.07
Nami (sup)	52.15	51.21	51.31	50.98	50.51	50.27	49.10
Caitlyn (adc)	49.19	49.01	49.29	49.62	49.85	49.86	50.64
Twitch (adc)	50.51	50.75	50.84	50.95	51.39	51.62	51.75
Draven (adc)	50.08	50.20	49.84	49.71	50.97	52.04	53.35
Darius (top)	48.79	49.21	49.58	50.46	51.17	51.42	52.31
Yasuo (mid)	51.94	50.52	49.58	48.68	48.41	48.65	49.66
Miss Fortune (adc)	52.88	51.96	52.09	52.01	51.48	50.69	50.98
Ashe (sup)	49.59	50.05	50.54	50.60	49.84	48.76	48.22
Zed (mid)	48.65	49.83	50.79	51.66	51.62	52.40	52.86
Ahri (mid)	48.34	48.59	49.44	49.75	50.17	49.84	50.40
Pyke (sup)	50.53	48.70	49.02	49.62	50.61	50.96	51.88
Yone (mid)	51.85	50.43	49.92	49.32	48.99	48.80	49.65
Karma (sup)	48.54	48.57	48.57	49.08	49.44	49.44	49.13
Viego (jgl)	49.91	49.42	48.79	48.19	48.09	47.72	47.81
Katarina (mid)	50.15	50.16	49.16	49.22	49.80	50.26	51.38
Vayne (adc)	49.36	50.53	50.07	50.13	49.61	49.56	49.37
Thresh (sup)	47.15	47.37	47.50	47.94	48.88	49.36	51.00
Akali (mid)	49.11	49.12	49.21	48.98	49.02	49.24	49.16
Jinx (adc)	48.23	48.53	48.63	48.84	49.26	50.38	48.57
Senna (sup)	50.22	49.12	48.85	49.41	50.12	50.80	49.70
Nautilus (sup)	50.40	49.31	48.74	48.94	48.75	48.99	48.45
Graves (jgl)	47.00	48.73	48.88	48.77	48.80	48.92	49.82
Mordekaiser (top)	52.37	51.80	52.72	52.40	51.73	51.58	48.30
Vex (mid)	50.87	50.78	51.83	51.91	51.99	51.39	52.02
Zeri (adc)	46.41	46.66	46.12	45.85	46.28	46.28	47.98
Master Yi (jgl)	53.82	52.43	52.23	52.09	51.98	51.92	53.57
Gangplank (top)	44.69	47.33	47.41	48.02	48.14	48.58	49.57
Morgana (sup)	51.52	51.56	51.47	51.05	50.12	48.90	49.03
Vladimir (mid)	50.27	50.76	50.71	51.01	51.03	51.13	50.53
Fiora (top)	49.14	49.61	49.94	49.97	49.80	49.71	49.27
Blitzcrank (sup)	50.85	49.38	49.45	49.82	49.76	50.56	50.34
Garen (top)	51.63	52.11	52.42	51.98	51.21	50.19	50.26
Amumu (sup)	52.73	52.53	52.16	52.45	51.83	51.44	50.96
Renekton (top)	48.52	48.31	48.60	49.06	49.05	49.02	50.24
Lux (sup)	53.03	50.53	50.78	50.29	49.83	48.83	49.80
Ekko (jgl)	49.30	49.68	49.80	49.51	49.91	49.64	48.19
Janna (sup)	42.96	49.38	52.06	52.72	52.97	53.21	53.06
Trundle (jgl)	53.30	53.11	52.66	52.82	52.78	51.92	50.94
Fiddlesticks (jgl)	48.01	49.92	51.00	52.06	52.43	53.05	54.11
Renata Glasc (sup)	50.49	50.64	51.02	51.18	51.20	51.01	50.37
Leona (sup)	52.38	51.02	49.97	49.71	49.51	49.50	51.14
Kha'Zix (jgl)	46.56	48.01	49.17	50.62	51.62	51.15	50.25
Ornn (top)	51.52	51.48	51.57	51.69	51.31	50.47	49.54
Jax (top)	50.60	49.64	49.43	49.02	49.41	49.75	51.67
Soraka (sup)	41.81	48.43	50.84	51.35	51.24	50.47	50.28
Shaco (jgl)	48.73	49.72	50.21	50.66	50.70	51.71	51.66
Bel'Veth (jgl)	53.43	52.74	51.73	51.50	51.32	50.58	53.43
Zac (jgl)	52.05	51.83	51.22	50.92	50.97	50.67	49.31
Shen (top)	51.05	51.18	51.72	52.29	52.39	51.79	52.51
Kalista (adc)	47.47	48.16	48.20	48.34	48.91	49.03	50.64
Vi (jgl)	50.72	51.40	51.15	50.54	49.90	49.16	48.79
Wukong (jgl)	51.31	50.14	49.77	49.83	49.52	49.51	49.40
Sett (top)	51.36	50.86	50.44	50.04	49.25	49.21	48.07
Aphelios (adc)	48.25	47.56	46.19	45.55	45.36	46.22	47.08
LeBlanc (mid)	46.52	47.96	47.49	47.98	48.01	48.87	49.24
Xerath (sup)	54.11	52.50	52.31	51.55	50.85	50.37	47.68
Sion (top)	53.13	52.45	50.94	50.74	49.75	49.84	48.89
Camille (top)	47.08	47.64	48.59	49.53	49.88	50.90	48.10
Irelia (top)	48.20	48.59	48.66	48.65	48.93	49.13	48.34
Gnar (top)	45.91	46.71	47.45	48.45	48.02	48.42	47.70
Riven (top)	44.30	46.13	48.10	49.02	50.30	51.97	51.88
Tristana (adc)	50.86	50.22	50.16	50.11	49.90	50.43	49.31
Kindred (jgl)	47.46	47.75	48.55	49.50	50.77	51.21	52.84
Varus (adc)	49.53	49.31	49.88	49.92	50.06	50.64	49.66
Azir (mid)	44.38	46.41	46.79	47.11	47.75	48.35	47.21
Zilean (sup)	36.69	45.60	51.26	51.94	51.82	51.01	51.58
Nilah (adc)	52.95	52.79	52.64	52.09	51.57	51.10	49.45
Seraphine (sup)	51.56	49.77	49.78	49.89	49.42	49.67	48.69
Veigar (mid)	52.02	51.62	51.33	50.92	49.92	48.99	47.57
Lillia (jgl)	52.75	52.13	51.15	50.54	50.23	49.32	50.29
Poppy (jgl)	48.66	49.54	49.46	49.72	49.41	49.33	50.63
Jarvan IV (jgl)	50.03	49.88	49.61	49.93	49.91	50.02	51.01
Elise (jgl)	47.25	48.87	50.20	50.62	51.49	52.49	52.83
Nidalee (jgl)	43.56	44.41	45.23	46.86	48.24	50.51	51.22
Pantheon (jgl)	47.03	47.92	47.91	47.90	46.79	46.51	45.52
Zyra (sup)	53.75	53.00	52.59	51.90	51.72	50.66	50.87
Hecarim (jgl)	45.89	47.13	47.37	47.65	47.77	48.92	46.74
Kassadin (mid)	46.68	47.90	48.51	49.27	49.91	51.13	50.49
Alistar (sup)	49.01	49.92	49.09	48.69	48.73	49.66	51.01
Swain (sup)	55.50	53.11	51.42	50.28	49.84	49.29	49.24
Shyvana (jgl)	54.33	53.69	53.49	52.84	51.39	50.22	49.05
Kayle (top)	50.92	50.69	50.74	50.76	50.36	48.73	49.79
Volibear (jgl)	52.41	51.61	51.79	52.03	52.15	52.66	51.26
Teemo (top)	52.14	51.52	51.39	50.70	50.47	49.56	49.76
Rammus (jgl)	53.69	52.93	52.28	51.71	51.04	51.81	49.01
Bard (sup)	49.07	47.52	48.69	50.16	51.19	51.97	50.69
Olaf (top)	50.34	50.38	50.73	51.26	51.70	51.16	51.42
Warwick (jgl)	50.99	49.89	51.40	51.71	51.27	50.58	50.05
Rakan (sup)	49.14	48.43	48.32	48.64	48.89	48.97	50.30
Rek'Sai (jgl)	43.28	45.40	47.31	49.79	52.35	52.55	54.58
Lissandra (mid)	47.59	48.41	48.48	49.06	49.10	48.51	49.78
Gwen (top)	46.48	46.83	46.70	46.58	46.74	46.07	47.01
Gragas (top)	45.21	45.61	46.58	47.83	48.95	50.09	48.65
Rengar (jgl)	43.85	45.34	46.42	48.26	50.40	50.79	51.83
Nunu & Willump (jgl)	46.94	47.59	48.78	50.22	51.73	51.16	52.34
Illaoi (top)	52.54	51.65	51.39	50.91	50.96	50.20	50.06
Brand (sup)	55.31	53.42	52.20	51.12	50.03	48.18	50.86
Sona (sup)	46.72	50.30	51.61	52.66	51.25	51.38	52.01
Anivia (mid)	49.31	51.08	51.78	51.82	51.69	52.52	49.67
Akshan (mid)	50.06	49.27	50.51	50.62	51.60	51.25	50.30
Xayah (adc)	48.28	48.04	48.24	48.58	48.83	49.02	49.22
Taric (sup)	44.76	52.25	53.58	53.64	52.75	54.07	53.37
Tryndamere (top)	49.39	49.19	48.84	49.17	50.30	51.13	49.55
Nasus (top)	51.31	50.62	50.51	49.99	48.93	49.33	46.55
Malzahar (mid)	50.98	52.20	51.65	51.41	50.13	48.71	47.66
Kog'Maw (adc)	51.28	51.09	51.30	51.49	51.14	51.44	50.92
Evelynn (jgl)	46.01	47.61	48.52	49.78	50.15	50.37	48.54
Fizz (mid)	50.24	50.54	50.32	50.22	49.71	50.54	48.42
Qiyana (mid)	43.70	46.09	47.05	48.18	49.80	51.02	51.34
Malphite (top)	48.28	49.46	49.22	49.20	49.08	48.30	45.70
Talon (mid)	47.60	47.40	48.74	49.56	51.12	51.64	51.41
Nocturne (jgl)	49.37	50.14	50.20	50.16	49.24	49.27	47.34
Yorick (top)	55.05	53.78	52.02	50.87	49.86	49.39	49.52
Sejuani (jgl)	50.80	50.92	50.50	50.55	50.32	50.30	49.51
Taliyah (mid)	46.94	47.28	47.94	48.77	49.39	49.98	47.79
Syndra (mid)	46.15	47.80	47.16	47.01	46.96	48.27	49.29
Zoe (mid)	44.88	45.35	46.58	47.79	48.98	50.06	53.09
Singed (top)	52.99	53.13	52.35	52.88	53.10	53.09	52.79
Cassiopeia (mid)	49.69	50.32	50.31	51.42	52.02	52.55	53.62
Orianna (mid)	47.59	47.86	47.68	48.53	48.23	48.82	49.19
Karthus (jgl)	49.54	48.78	47.62	47.59	48.23	49.98	48.95
Urgot (top)	52.15	51.87	51.59	51.18	51.37	50.50	49.53
Jayce (top)	46.19	46.68	46.60	47.08	47.94	47.14	49.17
Vel'Koz (sup)	53.21	52.18	51.87	51.66	51.44	52.36	52.04
Twisted Fate (mid)	42.95	45.32	45.56	46.38	46.70	47.51	49.11
Dr. Mundo (top)	53.02	53.02	52.54	52.10	51.25	49.79	50.99
Kled (top)	50.17	49.13	50.20	51.09	50.69	51.51	50.06
Galio (mid)	49.66	50.65	49.97	50.47	50.80	50.02	52.05
Xin Zhao (jgl)	47.68	47.24	48.16	48.44	48.88	48.66	49.83
Kennen (top)	47.03	48.51	48.49	48.24	48.79	48.65	52.15
Udyr (jgl)	47.08	47.85	48.08	48.80	48.45	49.74	48.18
Braum (sup)	50.88	49.07	48.27	47.97	49.01	49.21	47.90
Quinn (top)	49.19	50.21	50.87	51.73	52.58	51.10	51.17
Rumble (top)	46.52	46.83	46.86	47.58	48.91	50.23	52.30
Ryze (mid)	43.96	44.89	44.71	45.08	45.02	45.46	46.96
Tahm Kench (top)	49.67	48.99	49.42	49.78	49.93	49.92	50.14
Corki (mid)	46.51	46.80	47.50	46.33	46.40	46.59	48.74
Maokai (sup)	52.71	50.70	50.35	50.44	51.25	51.34	49.37
Cho'Gath (top)	49.34	49.81	50.17	50.27	49.72	49.06	46.87
Annie (mid)	49.81	50.03	50.73	51.11	50.93	51.67	53.12
Rell (sup)	51.06	50.33	48.49	48.21	49.88	50.33	52.16
Heimerdinger (mid)	53.68	53.68	54.53	53.87	52.87	51.48	54.78
Ziggs (mid)	49.59	49.81	50.76	50.09	49.29	48.96	50.00
Neeko (mid)	51.20	51.59	51.40	51.46	51.73	51.16	52.79
Skarner (jgl)	49.97	50.41	50.87	51.11	50.32	52.29	51.85
Ivern (jgl)	43.63	43.95	45.9	47.90	49.33	50.73	47.93
Aurelion Sol (mid)	47.10	48.2	48.2	48.2	50.61	51.77	51.64